A 0.5000 0.5000 0.5000 0.5000 0.5000 0.5000 0.5000
A 0.5000 0.5000 0.5000 0.5000 0.5000 0.5000 0.5000
A 0.0000 0.0000 0.0000 0.0000 0.0000 0.0000 0.0000
A 0.0000 0.0000 0.0000 0.0000 0.0000 0.0000 0.0000
B 0.0000 0.0000 0.0000 0.0000 0.0000 0.0000 0.0000
B 0.0000 0.0000 0.0000 0.0000 0.0000 0.0000 0.0000
B 0.5000 0.5000 0.5000 0.5000 0.5000 0.5000 0.5000
B 0.5000 0.5000 0.5000 0.5000 0.5000 0.5000 0.5000
C 0.5000 0.5000 0.5000 0.5000 0.5000 0.5000 0.5000
C 0.5000 0.5000 0.5000 0.5000 0.5000 0.5000 0.5000
C 0.0000 0.0000 0.0000 0.0000 0.0000 0.0000 0.0000
C 0.0000 0.0000 0.0000 0.0000 0.0000 0.0000 0.0000
D 0.0000 0.0000 0.0000 0.0000 0.0000 0.0000 0.0000
D 0.0000 0.0000 0.0000 0.0000 0.0000 0.0000 0.0000
D 0.5000 0.5000 0.5000 0.5000 0.5000 0.5000 0.5000
D 0.5000 0.5000 0.5000 0.5000 0.5000 0.5000 0.5000
E 0.5987 0.6481 0.7221 0.8332 0.9997 0.5000 0.0003
E 0.4013 0.3519 0.2779 0.1668 0.0003 0.5000 0.9997
E 0.0000 0.0000 0.0000 0.0000 0.0000 0.0000 0.0000
E 0.0000 0.0000 0.0000 0.0000 0.0000 0.0000 0.0000
F 0.0000 0.0000 0.0000 0.0000 0.0000 0.0000 0.0000
F 0.0000 0.0000 0.0000 0.0000 0.0000 0.0000 0.0000
F 0.5000 0.5000 0.5000 0.5000 0.5000 0.5000 0.5000
F 0.5000 0.5000 0.5000 0.5000 0.5000 0.5000 0.5000
G 0.5000 0.5000 0.5000 0.5000 0.5000 0.5000 0.5000
G 0.5000 0.5000 0.5000 0.5000 0.5000 0.5000 0.5000
G 0.0000 0.0000 0.0000 0.0000 0.0000 0.0000 0.0000
G 0.0000 0.0000 0.0000 0.0000 0.0000 0.0000 0.0000
H 0.5000 0.5000 0.5000 0.5000 0.5000 0.5000 0.5000
H 0.5000 0.5000 0.5000 0.5000 0.5000 0.5000 0.5000
H 0.0000 0.0000 0.0000 0.0000 0.0000 0.0000 0.0000
H 0.0000 0.0000 0.0000 0.0000 0.0000 0.0000 0.0000
I 0.0000 0.0000 0.0000 0.0000 0.0000 0.0000 0.0000
I 0.0000 0.0000 0.0000 0.0000 0.0000 0.0000 0.0000
I 0.5000 0.5000 0.5000 0.5000 0.5000 0.5000 0.5000
I 0.5000 0.5000 0.5000 0.5000 0.5000 0.5000 0.5000
J 0.0000 0.0000 0.0000 0.0000 0.0000 0.0000 0.0000
J 0.0000 0.0000 0.0000 0.0000 0.0000 0.0000 0.0000
J 0.5000 0.5000 0.5000 0.5000 0.5000 0.5000 0.5000
J 0.5000 0.5000 0.5000 0.5000 0.5000 0.5000 0.5000